0 0
0 0
0 0
0 0
0 0
0 0
0 0
0 0
0 0
0 0
0 0
0 0
0 0
0 0
0 0
0 0
0 0
0 0
0 0
0 0
0 0
0 0
0 0
0 0
0 0
0 0
0 0
0 0
0 0
0 0
0 0
0 0
0 0
0 0
0 0
0 0
0 0
0 0
0 0
0 0
0 0
0 0
0 0
0 0
0 0
0 0
0 0
0 0
0 0
0 0
0 0
0 0
0 0
0 0
0 0
0 0
0 0
0 0
0 0
0 0
0 0
0 0
0 0
0 0
0 0
0 0
0 0
0 0
0 0
0 0
0 0
0 0
0 0
0 0
0 0
0 0
0 0
0 0
0 0
0 0
0 0
0 0
0 0
0 0
0 0
0 0
0 0
0 0
0 0
0 0
0 0
0 0
0 0
0 0
0 0
0 0
0 0
0 0
0 0
0 0
1386 1386
-7985 41
-693 -4752
8628 -438
5538 279
8636 -221
-453 -4781
-7965 -561
2480 3037
1041 -7916
-4594 -1399
-1941 8418
-833 5482
-2152 8366
-4518 -1628
1634 -7816
2163 3271
-7832 -1555
270 -4795
8541 1294
5371 1379
8506 1508
511 -4775
-7692 -2140
1824 3471
2601 -7549
-4222 -2288
-3583 7861
-1911 5206
-3779 7768
-4102 -2498
3162 -7332
1466 3637
-7364 -3087
1222 -4644
8111 2974
4988 2424
8033 3177
1454 -4577
-7110 -3633
1094 3765
4056 -6878
-3680 -3085
-5081 6987
-2912 4719
-5255 6857
-3521 -3266
4563 -6552
711 3856
-6599 -4496
2125 -4307
7353 4534
4403 3371
7237 4717
2339 -4194
-6241 -4980
320 3908
5348 -5929
-2990 -3758
-6374 5831
-3796 4042
-6518 5669
-2797 -3904
5780 -5509
-74 3920
-5568 -5723
2942 -3795
6300 5911
3641 4183
6149 6067
3129 -3643
-5121 -6126
-467 3893
6424 -4741
-2179 -4280
-7410 4441
-4527 3203
-7519 4253
-1961 -4384
6763 -4244
-855 3827
-4313 -6720
3641 -3131
4992 7050
2732 4826
4814 7173
3794 -2944
-3794 -7026
-1235 3722
7242 -3363
-1281 -4629
-8147 2872
-5075 2234
-8217 2666
-1046 -4687
7475 -2808
-1602 3579
-2884 -7446
4193 -2341
3484 7905
1714 5274
3284 7990
4306 -2128
-2315 -7642
-1953 3400
7768 -1849
-330 -4791
-8557 1187
-5419 1176
-8584 971
-89 -4802
7885 -1258
-2285 3187
-1339 -7872
4576 -1457
1835 8442
626 5510
1622 8485
4644 -1225
-742 -7950
-2593 2941
7980 -260
633 -4761
-8621 -546
-5545 70
-8605 -763
872 -4723
7977 342
-2875 2666
260 -7980
4775 -513
112 8638
-487 5524
-105 8638
4795 -273
861 -7938
-3128 2364
7872 1339
1571 -4538
-8339 -2257
-5447 -1039
-8279 -2466
1797 -4454
7748 1928
-3350 2038
1849 -7768
4781 451
-1615 8486
-1581 5315
-1828 8443
4753 690
2429 -7606
-3537 1692
7446 2884
2446 -4133
-7720 -3877
-5130 -2106
-7620 -4070
2650 -4005
7207 3436
160 -3597
4968 3238
3225 7803
8709 -1730
2939 1377
-6091 1815
2706 -7287
2837 -6850
-6713 -6490
669 -3586
6085 -444
-1578 3977
1864 7217
7726 -4286
3925 -1447
3488 5285
-5272 767
-4565 5557
8452 4918
-2921 2188
-3659 -1112
3158 -8135
-5268 -4507
-1958 2562
-5122 3282
-3084 -6065
2418 -7306
-6296 -1149
276 2090
-742 7644
-6333 -3244
-4670 -5558
-7026 6273
4995 5268
2509 6659
-7679 -125
-2046 -510
431 6385
7532 -1578
5678 3749
-3839 4718
-2767 1656
3883 5743
8440 -2220
692 3761
-2503 2655
-3933 -8953
-6036 3909
-1357 5152
-4857 -4062
1881 -3737
5130 -7193
-6960 -2667
-4129 1119
1128 -5996
3639 -260
5691 7402
7127 -2046
7546 -1867
-2491 5847
-1036 -3076
2702 -8458
-7389 -4085
-2656 -5301
8920 -3023
1114 5824
-3383 7736
7287 5073
1047 3072
-5533 -3128
7126 -3106
6902 -2708
19 -9337
3047 -2006
4541 4075
-3959 1622
-3905 6349
8446 2593
3765 1824
-1387 6178
-4210 -3265
-7169 566
2320 9499
-3602 -586
-1737 -3407
8051 -3368
-408 -6920
-3204 367
-5917 -1412
2229 -6428
6940 -3326
-3539 -5332
-1314 1648
-6021 4767
-2056 -6812
764 -7219
-9392 -709
-330 7252
-3056 6426
-5236 -5618
-1052 -1827
-4300 4739
6361 4331
1238 6690
-6062 507
-3112 -844
-1443 6781
7453 4539
-2229 3107
-3649 39
3721 -9043
-7003 -1636
-4653 2596
-443 -6316
3996 -1238
8740 -1294
-2907 -6863
-3670 -2198
5101 -3347
2711 2441
-1384 9234
6417 3714
6579 4141
-5940 2261
1497 -2880
7966 -3921
-2183 -8156
1976 -5591
8365 4329
-3423 4842
-7919 2929
1400 8768
-1486 2885
-1585 -6155
7180 2979
6738 3094
6739 -6463
3558 803
214 6097
-3914 -1727
-7282 1591
3991 7882
1298 3977
-5412 3286
-568 -5297
-5381 -4772
-5233 8260
-2076 -3001
1249 -3614
8010 3463
4702 -5094
-2486 -2053
-3087 -5242
6176 -2853
7210 2692
1385 -6248
-2099 197
-7610 -1030
3481 -6207
5730 -4458
851 -1926
-2061 842
-4234 548
2443 2493
-4304 1760
696 -2339
-4590 -4376
-12202 -2478
-2421 4555
-596 4475
1396 -1748
2122 215
9220 -5699
6586 -3230
-6663 6716
7375 347
2660 4986
-3819 6319
9289 -1794
-6350 3672
-9868 4485
-1003 1882
-2229 187
4049 1997
5132 526
4737 -11515
-1079 -6249
-2331 -724
3858 -2595
710 3417
2813 -3211
1847 -1243
-1464 8296
1698 -3629
8542 -8399
9816 -2374
-6151 -1183
-2583 195
9144 -5147
2009 -5730
1722 4863
-1882 4186
-4369 -2138
-2636 -1934
-6410 -2767
3024 -1641
5560 2686
-5096 7318
827 9382
6298 6313
-5004 3618
-3265 -1087
5827 -3846
2257 -2366
3927 -2870
2586 3792
-844 5089
-2981 -5290
-9904 -3467
2578 -260
5849 -2242
-10080 -619
-9881 -6774
-2307 -3276
2893 7912
-2036 -900
-3332 -2669
-101 3489
-4253 -1880
2168 -1121
-31 -6342
-6679 -10508
-4961 1416
-3637 2675
2228 -206
1317 1677
10500 2689
6895 2504
-9460 -141
4866 5553
1209 2374
1126 1240
-6561 -3592
-3160 523
-621 752
2183 -4672
3157 -1612
-1587 -4888
-428 -3702
425 -6590
-6383 -2692
117 6589
1881 -1230
-12037 546
3558 -4305
15299 -2189
-3713 6557
-5993 -14246
1861 -5266
5724 10604
88 -2246
-5710 3289
5592 4088
5432 -3755
3395 -1537
5008 -1154
-242 -3537
2884 -4275
-325 919
1177 2979
6455 3778
-1643 -328
-1605 -3894
-252 2418
1462 -3957
1760 -4510
-4749 1541
-1588 -2694
-1421 3857
-914 3623
-887 -1751
-14657 4488
-13670 6718
-1025 3326
126 -5082
3540 -5116
7331 486
-833 -1799
-2991 2290
1520 1274
1443 -7204
5863 -2083
4939 1204
-3478 122
-10051 11445
-8155 12979
1459 1313
-3736 -62
-4094 366
2186 2236
-2727 4182
4813 -522
4201 -379
-2400 -388
3341 2565
-112 1672
-1964 -7217
-2569 -1913
-972 74
4879 -1669
3351 1156
2420 -4533
2369 -2877
5042 -4265
-2488 -6465
-4665 4654
2191 501
-8743 -8292
5569 -423
12189 9502
-7273 5757
-1389 2327
-4157 8378
-5302 8551
1693 -776
-3637 -1998
4126 1613
5013 4484
-8075 -1467
-3276 -3573
1688 1583
-104 2320
-1073 6080
-104 942
4005 -7954
6838 -1767
7525 -379
6980 1072
4783 7512
-198 -927
-1678 -5942
-336 -2297
1520 -1745
-2901 3884
-7887 2271
4538 -4965
3943 -2019
-3418 2353
1762 602
-6134 -7976
-4977 -7918
-1616 -2176
-8180 -8864
-2478 -4868
2513 6165
7012 2428
2278 895
-2426 -18
2192 -4131
-3684 290
-441 2637
4619 1805
6038 2154
1448 -8456
-7861 -8668
5448 5237
1671 -4959
-761 -11910
10610 3895
-8287 8588
-1935 4862
7542 -467
-11602 1522
-4368 7384
5998 2265
4689 1612
1370 -2296
-2621 -2604
-1001 4568
-1861 -1557
2316 791
6917 2686
5905 -3075
-5039 2108
-11972 1466
-2640 614
-8918 2817
-9837 2112
1733 681
-1084 -4006
1700 4091
248 6721
-4544 -6835
301 -4838
30 2314
-1743 1534
-5124 3444
-751 578
8508 -2632
6016 3699
4119 3868
418 -2217
-1915 -2425
-13322 -1849
-7737 8784
-3822 5099
-1125 -6264
15283 4068
3212 2502
-5903 2207
4962 1287
3897 -10160
5723 370
4771 1639
3005 -1181
3905 6312
3264 4613
4653 5784
-2114 2441
-42 5044
-1556 5520
-10877 294
-438 5107
4046 -4832
1290 3862
-1250 15765
-5533 -3146
6080 -1907
10858 -4373
2690 -13178
-1650 -2613
-2229 -344
1518 3448
-815 3043
-2957 -4627
-760 -730
-4505 -979
-1775 -6632
4502 -2274
-2954 2247
-5560 -2395
7087 -860
5080 -1861
-6777 -4748
-3191 6319
-585 4010
-4847 -4216
-3686 -49
399 1841
3334 -1572
2664 -5845
2194 3407
5522 4429
4200 -7130
-5395 411
-6806 2154
4068 -4484
3620 820
-5040 -204
-1133 -6771
3695 -2758
389 -979
773 -5437
2002 2432
47 3767
1886 -1236
419 -3062
-7909 -10878
-11694 520
-6324 784
3732 -5156
7671 13830
426 4049
-5684 -2721
2515 4467
10021 -4240
3703 4379
2129 4574
2935 1345
-1838 7192
-2203 1497
1398 8208
6808 -246
8769 -2237
6372 10101
-6764 5890
-1004 2561
5037 1041
-4516 -767
5935 -4240
6067 -4843
-7515 3358
-1308 721
-6654 1003
-9210 6863
6956 3942
1431 -3485
-7719 -2083
1731 11355
4030 5389
424 1432
2987 7670
-914 -7709
-1244 -7187
3753 2627
-4315 -2798
-1086 2528
674 8944
-11631 2710
-4667 -7753
-4671 -4959
-6762 4858
4178 533
1784 -4798
2272 -2629
826 -556
3079 -1420
10004 -281
-1306 3554
-2329 5520
-1449 2975
764 -2575
12201 3749
4595 4486
1492 -7370
1245 -5845
-1958 -811
4595 3103
0 0
-3045 -4634
786 1968
5860 -1172
7388 -1399
-4428 -4651
-3595 -12247
2584 -732
-2993 1411
-5549 2259
-3570 1261
406 -9999
1459 -3061
567 -819
2657 -2239
4820 -1723
-481 -4185
-4942 6700
4900 4733
7694 4764
-2856 11596
-8935 -786
-2541 1054
2744 4350
-2580 -3785
7171 1334
7697 1011
-7631 -3084
-1427 -442
-5338 -4097
-11332 -1873
1986 7745
3156 -2263
2963 2046
-608 7219
-1721 -1744
-7792 -5307
-5041 -2740
346 -1574
1018 2755
-1449 1796
-450 -4227
-423 -7702
-5765 -3536
-261 5871
-876 2956
-6347 -660
4503 6270
11128 -1978
2066 -7438
-5730 2807
-1841 -2473
-2269 -5421
-4194 5306
2258 7376
1034 4123
-1979 -1186
7 -2937
868 1359
-3788 4310
-5486 7667
-1015 2230
-3059 -6567
2076 -2942
3719 1978
5057 7037
16020 7640
3544 -1005
-1036 3692
2329 6423
-3157 -2918
6533 -861
-1702 -1558
-6054 -54
248 5889
-8707 -4628
792 -1784
1706 10099
-7581 949
175 -6471
3671 845
-2671 5897
-6403 -4167
5949 -8337
-67 1951
-9854 357
2798 -5188
-5469 -2598
-2212 657
5500 3630
-4115 1244
4903 -4759
682 -3773
2748 2453
17748 131
7625 -4119
4209 -153
582 3554
-5622 4569
62 -2449
-1583 -9294
-1523 -5532
1374 -843
-1278 2644
-2298 202
2732 -3256
5255 -5647
-1452 -6605
-4410 3884
-2737 1419
-3927 -5029
-1393 7592
1804 7131
-2290 4112
169 -5953
1082 1665
-6335 -192
365 -3605
629 9978
-9048 3966
3978 -3284
10334 337
5410 -5950
1927 989
-1282 2276
-2811 -2873
-3687 3827
4312 687
2544 2778
306 4356
4136 -3336
-2615 -3053
2380 -1077
816 2006
-6403 4867
-572 10323
-3621 3674
4746 -8664
9884 1503
-3624 47
365 -6327
1563 1225
-5944 -355
4297 -1919
8077 -4845
-3050 2190
-733 12749
2185 3885
-2790 5963
888 9567
-877 -1492
-3327 -8056
267 -5152
3624 3922
5603 216
-3533 -8236
-1815 -6950
-315 -2367
-6062 2406
3851 -6135
-3762 -10658
-6849 -2358
6230 -1932
-1241 -2040
-2949 -6550
-2420 -8629
-4226 3685
-359 5328
-3442 -3843
-2467 -8360
-254 -1712
5314 8005
5915 2891
738 4395
8573 9464
3749 -210
-9329 1298
-4550 1203
4405 -4007
-448 1935
-4256 -4696
2850 -2238
-6751 7374
-9133 -3766
5125 587
6925 7677
8039 -230
625 2074
-2529 655
119 -4018
-5314 -1
2496 3583
2347 7697
-5050 2252
-9268 -954
1321 1231
-3884 3461
-1768 1079
3610 -7625
-9226 -2064
-4725 -2688
-1977 -2523
-10075 2429
3045 6743
5969 10074
-4023 -5119
-6995 -2876
-5935 -2469
3931 -14548
6371 856
7491 1038
6054 -2396
-10230 5697
-6027 4292
7481 7173
2978 -1184
5436 57
9010 2863
722 -8406
983 1823
1613 4946
-1761 398
8488 3844
3229 4489
-10119 7568
5046 -1782
8307 -2920
-4636 5107
-4028 -1139
-12 -939
6327 -1738
5362 -6823
-1047 -2895
-139 -1134
1012 -4549
1384 -3955
-1289 1071
-2986 3390
-2525 5047
-2459 2934
0 0
-2270 3084
-4307 3647
-2587 3703
-735 1506
3516 -2280
4180 -2059
1135 -133
3061 332
5362 -6823
192 -6559
915 -211
2059 3644
-3866 5712
873 -8762
538 -5325
-4961 11622
-5125 -2076
-5742 -7338
30 1805
-5187 -397
-2004 -524
7997 -2689
-4913 -8077
-1341 -5268
446 -3174
-8739 -5572
-2745 6871
-3116 11287
897 -6449
-2781 -7033
-2338 -5988
6974 -4909
732 -3341
439 -7146
51 -5055
-1354 724
3319 3968
342 -4402
444 -3630
-2907 6778
-8066 -663
-1296 -552
6071 6041
6875 4174
-340 11603
2760 4551
1198 -8978
-5396 1679
6080 6714
-308 -5314
-6862 -9363
3294 -7338
1573 -8419
-755 1190
-6266 5122
-6239 -3933
2425 2738
2778 3431
482 -5150
-1526 172
2910 4134
4415 5636
2499 2336
2063 1685
-375 8385
26 2914
-10173 -193
-6373 1824
7126 4674
-546 5867
4114 -4383
5328 2435
-4677 6562
-269 -6773
2084 1640
2832 2953
-1804 -1777
-5522 11580
-70 9263
1874 189
1781 -9091
-3098 -12450
-2122 1381
3364 -2328
2369 -1191
-1617 6583
-3272 -7364
5707 -1322
3155 5116
637 -5858
7916 -3156
-5881 -3060
-10006 -1842
608 -2850
1307 -8291
2358 -1239
2915 -1790
5452 -4641
3677 -3470
-1461 -473
-556 5143
3407 -2807
2922 -2198
-6899 2607
-5117 -6270
-502 -1316
-140 8564
1762 7848
-8594 7804
-1364 5145
7298 -5365
-3837 1115
134 -4202
2451 1122
-4263 6640
-7542 -2015
-2394 4233
4381 2667
3993 -871
-8206 -800
-3608 -6038
-2095 1297
-6432 1157
12897 -7900
12094 -1679
-459 4100
2468 -3566
-2872 -2438
-3117 3015
3971 -1120
310 12206
-5697 14010
95 -6534
939 -2278
-6544 -2578
-2124 -7966
-210 4082
3344 3889
3787 -3050
-3214 -7114
5859 -5286
1505 2236
-4124 816
4443 -3492
-1730 -3285
-1744 1517
-1793 3151
-265 -444
9467 -1182
6128 588
8633 1447
5219 767
-267 818
4753 -6079
-3565 -6189
170 2839
5724 -6303
-3624 -9854
598 3183
5068 10102
2193 2383
-5732 -8796
-8475 820
2174 1834
-2829 -6558
-7714 175
815 275
-2506 4642
-4002 7785
-3193 5264
-6608 6882
-197 -478
3597 447
2258 -491
-1598 -3351
-5455 1474
3120 -2818
892 2544
-7740 1535
-3781 -6830
-4709 1212
1118 5006
3398 2272
-5116 -6466
1846 -6787
-2387 -609
-5294 -3830
14637 3810
9598 7546
-3272 2513
4280 -696
1762 -1998
2177 -3960
7624 6578
4150 -364
-5831 -12205
3157 2179
7824 -1151
2928 -2061
-415 2421
-1579 -1066
-962 7678
-2560 6186
1670 -1057
-1693 2858
-10138 5803
-1188 -3170
1817 -13060
2009 -2726
8170 8349
849 3212
-1319 -1472
774 6650
-1170 7649
1810 -594
-262 2443
-2255 -2782
-7212 -3243
-3632 1234
8941 -10150
-3893 -1483
-9129 4247
-1013 -4403
-3553 -1254
2890 -6018
394 -5342
-2884 -2687
1548 -5757
-4293 977
-504 -119
-2801 -3867
-12105 -61
-2998 3243
8491 5341
6919 8143
-2446 3592
2321 -5382
2624 218
-8708 -352
969 -1615
4410 7518
-1427 -2212
3656 -4581
-2017 3849
-10442 -2271
-8709 -4977
-1450 4172
5751 10652
4731 651
342 389
1159 4248
4351 -4075
3728 1280
4528 -2862
3949 -5383
2778 2544
4362 -1179
550 10054
3141 2737
4747 -12666
621 3786
6256 4837
3516 680
-2032 1381
-328 -1877
-6197 4633
-6232 2447
1920 470
-3233 763
-11212 -3278
1459 -3055
6995 -1589
3285 -1841
3251 962
2194 -708
-803 -8705
1588 -3709
2239 3628
-3909 -3450
7861 -6124
3970 -2017
-11579 -5809
-5524 1391
-4762 4693
3605 -3577
8196 2219
2247 296
6857 -3122
1253 -1889
3707 -7638
5065 -370
-6666 510
-4676 3253
-3221 12547
4128 -1670
9781 -1908
36 5213
-1267 -4071
3840 1237
6039 6321
1975 -1190
1409 -3084
3545 -1269
-1267 -5507
2297 -3074
7214 7743
-1725 2782
-12765 882
-5389 2231
486 -9587
-10586 -3917
-5893 2087
2576 -3863
2315 -34
-2173 -2284
-7825 -2959
5117 1423
4169 549
-4332 3780
0 0
-4516 -3558
4136 -758
5039 -1678
-7667 3348
-2056 2391
2314 -83
2767 3729
-5990 -1788
-10376 4444
967 9551
-5495 -1957
-12793 -240
-1862 -2692
6816 -8095
2448 2955
-989 5564
3605 1090
1562 3009
2032 1089
5713 -6617
3773 -1429
-1061 4130
-226 -5209
9864 1414
4206 1461
-3848 -12370
-4833 -3014
-6683 -175
5077 115
4087 7442
1346 1824
8392 -729
1567 -1628
-1109 2330
7630 -6399
1996 1636
3251 8705
-1681 -2788
-12197 -1857
-2139 -2864
6193 -2135
-949 9489
-2411 -12
3016 -7534
-3969 -2195
-10847 -5537
-3745 -4210
1578 1029
-5362 -1732
-9438 -7697
-3608 -2748
-5680 5796
-982 -2202
8302 -4692
541 6529
-3483 -804
-6614 -10415
-3228 -415
9277 -532
2302 1168
-2782 9562
1686 -1954
-859 2090
67 10655
6369 -625
5652 -1688
-446 -3790
4297 1403
4205 5240
-3633 -5531
-5174 3235
-7360 5372
1253 -3178
3575 -5337
-2692 -6976
2226 1199
-2283 567
-211 2608
7408 7527
3147 4694
4150 9711
2493 795
1392 -1896
264 2514
-5431 -5139
-6295 1280
-3415 -48
7765 -4768
4958 -3558
-3737 -5461
3250 5879
-334 4508
-3336 -1852
-3708 4588
-2997 5655
9832 4109
2260 -1
-2448 817
9902 1058
207 2573
-4016 8380
842 -3144
-7123 -10074
579 -3527
5834 2980
-7493 5899
-1664 -1745
7519 -3054
-1172 -4381
-3536 -11654
435 -5618
2556 3348
1570 7993
-12700 9809
404 -556
4891 -379
-3651 9656
3877 -2087
5132 -6704
1828 -715
2153 -6464
1534 -3651
-2138 -2204
-6273 -3968
-7186 6459
-1307 641
8161 -11407
142 -11301
-7872 -11608
1291 673
7022 6637
6370 -3809
2193 -2149
-1442 -3688
-1990 -6516
-1809 -761
-4962 -6831
-3824 -2183
3408 9744
-4880 -502
-390 -566
12450 10125
-1770 7951
-4880 4724
-148 -2840
-908 -3216
3269 3431
53 -295
-3583 2993
-5989 2282
1912 -5873
2785 -2476
-4401 -438
8787 -1181
2968 -1998
-5309 2471
2081 6462
-3514 -1442
-2062 1624
-3036 6896
195 2617
3437 1618
-6171 2829
1763 5585
-530 -3538
-5063 -7279
3295 2950
-55 -3726
3040 -5377
2362 5958
212 4664
182 -238
-4738 -94
2985 -1502
2195 -1808
-188 6789
-4669 6675
-15875 -2344
681 -95
3666 3260
-9488 4067
4192 1345
8389 -953
1783 821
6150 -2933
3694 -1428
104 -3069
-1493 -7271
-9637 -696
-1368 -497
13878 -2033
6054 -1809
-1154 -648
-4329 2271
-1201 5522
646 9734
346 6355
-937 -9850
529 3037
3574 4668
436 -9352
6468 1751
10377 -649
-2902 -6249
-5160 -586
-2469 -2530
-2644 -2089
0 0
682 3300
1154 3342
-1790 4875
4284 5396
5233 -8984
1336 -6567
8555 3804
-2570 -5288
-2477 -1835
8384 5254
-5525 -3159
-8411 -4942
-5475 -1403
-3971 2851
62 1322
-1948 -5305
-652 806
-8271 -3649
-9709 -12665
-2069 -831
2872 354
7761 -926
-2398 4516
-525 -2046
8509 -635
931 418
-3470 -918
-7379 7309
-1355 160
7774 -7515
3746 228
0 0
3509 -1330
9656 4866
-1341 250
-9217 -4788
-3041 1907
765 -675
8313 -1921
106 2110
-3631 -3600
7686 -1421
2638 -1191
-1728 1408
-5509 14977
-6814 5941
-862 -576
-284 5644
-333 -1281
-4639 -1543
-4811 2966
-6564 7217
-4338 4657
6445 -7507
-1820 2488
-883 5813
7038 -6173
3226 5874
7665 7024
2488 -6425
-3158 -4123
110 -3534
-329 -3354
678 1146
-6320 -3039
-1866 -5955
-748 -15847
-9806 -5893
-733 2298
7608 4679
2225 -753
-397 -7585
-39 3279
5080 -659
1072 -1115
-4273 7350
1468 3254
-1324 6437
-2991 6977
1694 823
3638 -6662
4244 -5019
3466 -856
3139 -7902
-214 1532
2621 4401
2555 -2057
-6209 4374
782 2215
8380 3091
1354 -1996
-10693 -4070
-12923 9203
-5835 2212
-6294 -3092
2641 -350
4199 1023
-7675 7889
-1928 2344
-3565 -913
-229 1827
8184 1869
-7737 -845
-3105 -8840
7715 -3258
-5705 2438
-2328 39
6955 4331
-638 4126
-3531 3044
-352 3928
1237 1421
3939 193
3501 -3077
4174 -63
3332 7485
360 -2300
3201 -5315
-4290 7193
-8328 -4293
229 -7780
723 8363
1841 25
-413 -3657
2588 -1587
8871 -6515
435 4300
-711 2567
-2195 -6660
2995 -5475
10895 -11531
-2557 -11152
-2164 1066
1907 8726
2086 1080
5188 -5547
-2389 2247
3998 3202
1547 -1
-8259 2020
-1325 3314
-5555 3512
-7100 2685
-2642 -5083
-14400 3171
-6066 1448
695 -2200
-1515 2684
-5316 902
-1936 1076
-236 4687
-56 3867
-287 -1808
-8522 351
68 4404
5641 2124
-2320 2004
1417 -1295
-51 -5325
-638 -5615
-1144 -5201
-1672 -944
2711 1433
-5021 3335
922 4307
8384 -1569
-126 -1827
922 3756
1281 4515
2128 614
5383 -313
2078 2276
-1171 -1988
6237 50
14744 -139
3035 -12969
-1254 -1475
1712 6722
-3147 -3468
1558 4493
1903 819
6119 -826
3856 11401
-14649 1041
-8073 -2612
5168 -1799
1094 -6796
-4621 -3090
-628 -5191
2039 831
-5400 4962
-537 1806
1812 7106
-2162 -418
3362 -4005
5559 -63
2797 -6289
-3346 -4331
8188 2224
11700 8876
-9459 7442
-4674 -4035
-2041 -354
-3760 2911
4530 -1185
-5107 4694
1856 -550
4545 -12520
-12272 -8173
-5251 -3366
2067 -1025
-2984 771
-4337 -3204
-2118 -648
-3540 3081
-2825 2642
1104 -1461
-6164 -5895
-3125 3104
2383 5537
-3053 -281
1916 123
3800 -3731
-1676 3503
-947 -525
-1926 -807
-3091 1383
1380 -7991
-967 1415
1597 3647
-5259 -8771
-1704 -2836
4749 6751
-9993 -843
-9257 -2275
-2234 2927
-993 65
-1137 -615
-4687 -3863
1466 -1182
2781 5399
360 1241
-274 956
-3334 1563
261 9529
-1295 9945
-5590 -6073
2410 2267
7456 6999
-3225 -2334
-1588 645
8102 345
-2007 2728
380 2053
312 1036
-12576 4387
2271 -2067
6890 -2747
-3515 -5546
-1766 -5591
-963 -1399
5203 -9994
3832 -4254
-4431 1161
-4455 -1685
-4075 5730
1342 2780
11901 376
12425 501
-973 55
-2473 7395
1812 -514
-5988 -4995
-857 465
10310 -6952
9930 -6570
-318 -3071
-6477 -2736
-2906 3774
-4381 1339
5496 1608
9676 5773
-85 1696
1433 5685
-79 6565
7306 -1281
3018 566
-13006 2872
-279 -1046
-755 -1947
-3140 -1268
6713 -4549
-1689 285
-1519 3680
2670 -9872
861 -3195
-1568 8104
-6325 -7783
-4783 -8246
-3658 421
-735 -670
-345 -1246
-469 -6055
-462 -3856
68 234
-2544 9092
2094 -4228
1455 -3325
-112 5876
-20 -830
-3543 -3770
-9999 433
-5269 2270
3043 3551
81 2169
-1407 1348
1215 2225
8079 4769
5621 4547
-1784 -605
7227 -193
9314 1125
2317 -1028
-298 -1926
1383 -1673
4575 -970
-2804 -5005
-7676 -6422
-5105 839
-520 647
3483 -4733
-866 3524
-907 4630
3507 -8765
196 -144
-7049 4612
-3314 -11390
768 -7883
-3946 -2448
3254 -4524
1920 563
3642 2732
16662 1624
227 -3128
-5835 -1703
-1752 1202
-5451 1201
7809 2132
4353 -2962
-1198 6108
-2792 6026
-9836 -8782
5672 -3454
5934 -1880
-2452 4659
3000 7518
578 -5551
997 -1876
-2351 -5606
-3082 578
3494 16372
3126 3311
776 1844
-4128 3744
-2877 -3645
-7746 1653
-11691 -2008
3787 -7525
-121 211
-8313 4474
4498 -1424
3404 -1258
-4310 3995
584 -590
258 -5167
-7247 -6902
-5290 -2221
-448 4655
-1506 1563
-1947 -79
-760 2419
2169 9128
624 7203
-3709 -3459
-4268 -54
1805 -2515
4549 -7777
852 -1269
-4727 4136
73 -2638
-2186 -2796
-9280 1035
5805 -3376
8009 4707
-1399 12754
3178 84
1355 -6139
-897 901
1273 -844
-1336 -5491
-1518 -165
1210 388
-4025 -4829
-2784 1535
7104 10684
-4950 7861
-6707 -331
8717 -3345
656 -3488
-1277 -2310
6099 1501
-1340 -735
-7614 -4817
-2759 -1404
3765 -2010
3481 -7671
2127 -2368
-321 6788
8632 4149
13155 -88
-2768 2013
-1735 2662
-576 2258
1188 5966
8968 7202
-1480 167
4853 -5647
4679 -6933
-265 -3139
8371 2870
-6819 -474
306 -1859
6610 1739
-8850 32
1258 -2888
-2206 -8068
-2784 -6906
1349 633
-10805 3943
-3040 5269
-179 2324
789 3078
1976 2795
-12431 -4305
-9507 1159
-1874 6532
-1255 -2926
-834 -8383
-2921 -3112
3063 -444
8757 -2118
1505 -267
-6258 -536
1951 -1778
498 -3514
-7183 -5966
6459 1839
2165 9034
-10158 7839
2144 2347
5362 -3282
-1271 -21
1491 331
1438 -5781
-5831 -177
-4644 -280
-153 -7659
-4811 -6480
-1697 -5742
-3123 -8151
-1826 -123
2355 11724
-5498 3464
-5167 -880
11013 1962
14193 -3713
-5354 1818
-5262 4156
4096 5093
-5226 5427
-5244 -3901
-3954 5414
-1615 5419
3176 -14323
-2376 -10931
1074 5130
-3254 5624
-11804 -1911
192 1820
8263 2814
5802 1480
6657 4563
7659 -136
455 4630
396 5821
6791 -103
1675 -453
1807 -6763
182 2295
-5661 3653
3202 -4677
8354 5670
3035 -1600
-552 -1478
-37 9452
-1544 -624
-1841 1105
-645 -501
-5271 -6844
-1458 575
336 1114
-3467 1474
-570 -1015
-1425 651
1274 8544
-86 812
-2073 560
-622 1545
-6834 -6530
682 1422
3258 -1076
1711 -9950
5590 938
-6558 1544
-1527 -1723
6125 3389
1488 -893
4785 -4820
-3918 -4323
-3019 -3539
5411 -5422
1331 -7960
2959 -5206
3705 -7904
-1178 -1400
-6811 9828
-6308 -1557
-2950 -4333
6226 9294
12520 7648
-5023 -2595
-6643 -907
-827 6483
0 942
5502 -5942
2591 -7801
-6781 2637
-4830 744
596 -2286
-3659 -144
4041 5009
8238 8958
1554 4975
903 6100
2261 588
-1329 54
-4369 5770
1521 1148
4485 3984
3691 752
5686 -1910
1849 -461
-1763 -7020
-1202 -570
2311 344
3218 -5260
3377 -3970
11087 -5020
5679 -3028
-3424 -1300
-347 2337
-4154 -2575
-5208 -5080
-669 8193
2738 7621
7671 1215
-107 -119
-7631 6063
-1718 6173
771 -7872
1131 -2962
826 -4344
-4594 -3598
-6546 8669
-2879 -8291
5193 -2431
5332 13404
-5747 -2547
-5371 -768
-2600 4608
-4583 -1544
-3103 -2137
-3076 -3731
3379 -4072
-2632 -4745
-4428 -4462
14424 204
-421 5719
-8773 265
5766 -9206
-4999 -3010
-3764 2320
-2364 2112
-7080 3526
5155 -3805
2945 -9291
-150 -58
3870 6734
8096 -158
7416 -3545
-6603 -3055
-3886 -2963
2060 -1157
-2435 -2736
-805 6385
-739 12148
-2506 4570
-3767 4881
1145 2037
-961 -920
-7187 855
228 1892
242 5994
-5062 4328
-1627 -1776
-186 -5576
-919 -9364
-5666 -2652
-2482 7251
309 1875
-2656 3035
4569 6138
-1153 -2260
-7227 -4985
-934 -2508
83 -2697
2628 647
-143 4723
-4384 8278
3357 8800
8783 3255
3252 3428
-1530 2233
-1858 -1957
-974 -2493
2071 -8532
-646 -2454
680 7621
4003 495
1018 1604
6681 3755
2461 -5752
-5551 -7597
-3575 -4283
30 -2408
12704 -4003
4810 -5189
-7145 -507
1243 -2639
-718 -5051
1055 2005
6460 3165
4267 4746
-856 7603
769 47
4711 1892
-9526 5496
2574 -2468
13738 -453
-7725 1952
-2203 -3444
213 -5647
2456 -3268
7556 2529
-13665 -1487
-2381 -2655
9085 6198
-4840 1532
-771 -12
281 7646
-4613 4411
-6680 2669
-1203 1920
1096 -4982
-1041 -2725
7163 33
-4405 -5536
-12366 -4949
151 -2404
3888 -4002
6107 -7157
-2020 -5921
-6945 3241
-1136 1523
-4029 192
-1252 7548
829 -2398
-1422 -8663
1159 -2412
2001 -1811
1357 2342
-3501 3173
-9004 2584
-6216 4361
-2520 1418
6423 -1911
-5755 -832
-2519 4002
7508 -364
5365 2778
3212 -279
-252 -2614
1122 2988
-2011 779
-6693 -1775
-1195 -3517
-6082 -3002
-6974 -4479
362 -2675
-1126 1510
2461 -1109
6281 5409
4611 4974
3711 143
3609 5909
-173 2150
-3184 -223
2577 -504
-649 -3159
-4192 -4350
-1791 -7301
-3118 3555
2438 5279
1 -6702
-641 2820
2208 8130
-1888 -3463
5202 -2098
-1599 4286
-952 4037
13470 1329
113 -3667
-2364 4246
589 10814
-2515 2821
7963 9097
4620 5540
-612 -11436
3858 -3651
6712 4549
-157 6142
-11391 6641
-5422 -2890
-651 -8082
5079 -1558
9650 6167
-2544 -6750
-3993 -11412
-3694 798
-9120 -5841
-4859 -35
3247 1709
5481 -12377
-3982 -1161
-4517 -720
4389 -3493
2084 3349
-5986 -5927
-2769 -832
5832 3301
-3392 -4723
-4630 962
5471 5155
1720 5791
2429 2121
1708 -1994
-1374 2881
-1956 -908
-3364 -6052
1704 -3300
-2056 -6464
-1612 -8130
2178 -1595
-4446 -5134
-1119 -4458
8964 -80
-795 -8949
-3830 3624
298 2122
-9525 -8153
-10775 2385
-3833 6530
45 3621
2216 -2089
2707 -4482
4647 -5249
2580 -4710
807 698
5342 -3045
7513 568
4824 3813
902 -568
1843 5044
3806 5888
2003 4838
1877 2399
588 -3574
-2809 -7031
-10295 -3976
-10641 6629
613 -2054
-3242 -4158
-2131 8728
8851 1426
-1776 4240
-8521 9330
-6406 -633
-1631 -2021
7081 -2535
1210 877
-1288 7382
-80 1073
2469 -5253
3309 2497
-12004 2707
-3673 -1746
8311 7619
-2345 687
159 -4487
970 4971
1114 -41
3346 1731
610 933
4618 -2079
-3571 2721
-794 -2311
11020 2384
-3546 -1990
-4723 -11363
3950 1259
-2862 5049
829 -685
5283 -5315
1415 482
2020 7244
-2592 -164
-4216 -4864
2695 -12345
2435 -3898
6276 6402
5894 -6780
-5267 -245
-1322 1687
-734 -12516
-9192 -6107
-7362 1768
-2578 2544
3042 147
5106 -1159
7005 -294
5182 -1409
57 1065
5899 1736
1550 4829
-4089 -437
4565 2840
6257 8920
7273 1362
649 1888
-5285 -2482
-4159 -7406
-4651 -753
3625 2253
1594 3240
3050 961
9376 3078
-4704 8030
-3974 2308
8169 -1700
1773 3324
-5962 5839
4130 -2015
9290 565
-2665 9502
-900 3068
1803 3128
-147 4265
1965 -4283
-3835 -7579
882 -5771
1207 1590
-2919 6799
3924 10164
-183 5374
1914 -3640
4148 732
-4633 -5517
-2350 -3953
2094 6036
345 -11167
-6563 -11051
-5928 -1280
4691 -7651
6980 -1893
-2525 -262
-8123 -10
1196 1602
1226 -2326
1348 5514
5684 4037
-6516 -1783
0 0
6103 -2896
-4890 4969
-362 5665
-1614 -2075
-897 1787
7996 -1432
2440 -699
-7204 -642
-5957 -6712
5613 -2298
4528 -12029
-2294 -10934
-1005 6309
1622 -4303
3596 -6243
-3956 1446
-2522 -3249
1121 5259
-2085 10694
4064 6184
-910 1777
-1878 -5528
2449 -8133
-2684 -3873
892 4174
-1228 3396
1423 2863
4287 8888
-9047 2182
-4419 -1262
6892 4705
-582 1791
2120 2160
4182 -1851
1525 -1523
-2682 -5903
1594 -7030
7364 -3511
1828 -7430
-8946 -4188
-4469 3205
1260 1801
-1237 10673
-3756 9517
-4262 -7521
-5319 -3494
-5837 810
928 -1639
2308 5422
5732 2764
8642 -214
-6229 8117
-8517 6551
-2192 -154
-450 5481
8194 5517
5431 -5390
-778 -8121
5208 -4984
6442 -737
522 -2091
-564 -4538
-2943 -707
0 0
12694 5070
4046 3698
-3918 -939
3159 7206
-1449 3271
2659 -4864
3870 -280
-1478 9767
1121 5492
-3838 -8205
1641 2796
1970 629
-4670 -9225
1639 4446
-2239 1469
-1496 1145
-2002 1778
-3864 -2742
7688 6914
-93 -2066
-2272 -2314
6920 5845
-5009 -2514
-9814 -1121
1280 -3663
5389 -1298
-3536 545
-6132 -4929
-115 4028
-2515 -4870
-1584 -13577
0 0
-85 3025
4234 1728
2155 41
2392 -6026
6170 -3728
7637 2869
6620 -3837
-3189 -9349
-5409 -996
-423 2157
-8546 6513
-9461 3896
2461 -8287
-1173 -6254
-4633 -3643
234 912
-1843 -5715
81 -5962
8003 2300
64 -3223
-3875 -6600
-4436 95
-3932 -1774
200 1317
-3143 6050
-4868 2394
-944 748
-3874 -2635
-11715 -309
-3435 705
8224 -7689
9407 -473
8954 6825
-3488 -357
-11625 1484
-3590 3010
-1014 -650
-5084 -1894
-3734 -5704
67 -1330
-3734 2159
-4423 351
-3193 6955
388 3201
7731 -3092
679 5924
-1260 5871
-1579 -2145
-908 1825
9570 4878
-1987 -4790
-2555 -4341
3313 5656
-5854 -3380
4150 -11450
331 -1290
-4835 3972
4874 2317
3893 -1747
9362 -9040
4492 -3856
1601 2885
4767 -6920
-5305 -1948
-843 8361
3087 -1164
930 5847
1289 12950
1838 3851
5215 1387
-1116 -6157
-582 1198
-4245 11415
-6650 -1211
6185 -2168
-4757 1656
-4614 2367
10453 2473
489 -1979
-2592 614
2838 -5292
4351 -4077
3894 7360
2367 -2189
2066 -7369
-3145 -3130
-1450 -4062
-810 1058
-6538 1933
-5101 -1846
-1194 -161
-790 -4618
-7903 -8653
-2891 -1985
11243 590
2663 -84
2706 -771
808 88
-5852 -2645
-7091 -2053
6589 -3262
3102 -7429
-5013 -1368
5918 -1317
5579 1476
-3066 6835
-4150 -4974
-6076 563
-999 9840
7042 -1068
4062 -1318
2176 3075
-2595 3392
-3351 6285
9612 2333
2553 -5542
-3309 -5569
7466 -617
-465 5752
-3211 5142
378 -5183
-8038 453
-5269 5128
424 -7370
-547 -6398
-186 791
-1628 2295
-5725 -3654
-8746 -655
-5480 13189
-440 3341
-1548 555
-2224 2052
2876 -7329
-2112 -824
-8289 -8270
4040 -7414
6283 6721
-1281 677
380 2184
-3160 -503
-1061 -1026
6238 7032
1597 7363
-2764 8985
540 -1374
2668 -1768
559 2146
1446 85
-2934 8721
-6749 -5073
4117 -10962
1580 -1625
-5655 -5479
2874 946
1639 -137
1785 2859
10453 9733
7688 -4220
3696 -5698
2432 1414
497 643
-2154 -6050
-3440 -6532
6920 2484
7503 -2919
-2492 -4560
5053 3349
2807 5042
-7050 2533
704 -6440
-4620 -3986
-7781 6106
5654 4332
3767 2012
-1102 749
-1729 4665
5332 3179
2767 2684
493 -2167
-4151 3956
-8494 10892
7529 -4473
6173 -130
-5625 -79
5310 -9795
6448 -955
-2437 271
-1652 2448
186 -2972
-3797 -5806
-2146 5228
6781 -1463
1956 -2245
-544 2903
1544 1906
-3917 -5210
3104 -10700
4057 3896
-4301 -4429
-2214 -8473
-1610 13718
174 5731
1172 -1888
-3855 -34
-6027 -1485
-2048 4534
2614 -516
-1420 -1892
-9136 -1392
-11716 -4722
-5524 -3295
-1791 -6159
-968 1829
5588 7506
-427 -2798
-733 -4428
6914 967
-4126 6021
-2979 8157
3438 -340
-394 -4924
7050 -755
6702 -6618
843 -7040
4918 455
383 -3433
-8194 2877
-6073 4050
-880 -6926
4418 789
2792 462
-7435 -5682
-1841 945
6136 1868
3225 5565
4574 11774
1277 9152
1874 1444
548 -2607
-4559 1991
1409 6045
-14 3855
1903 -1148
-5729 -246
-13738 1437
8444 2320
4375 4356
-3845 -4106
10739 -2970
5160 3982
-1886 -1567
-2910 508
2270 -1927
1548 -6762
-1222 -529
4091 -4738
3027 5676
767 11003
-4041 1762
6487 563
3528 4108
1414 -1844
3742 3428
-4396 3960
1503 -10987
666 -4828
-4715 6379
5973 -1261
6423 -5962
-67 -2873
0 0
928 2720
8085 3382
6042 -875
-6625 -4363
2289 4303
5198 9796
-5492 -2202
2331 -4507
1962 1243
1896 -5072
5896 -2764
-4400 -261
-3073 -10593
885 -6371
5473 3038
3719 1978
-4079 2330
5939 -3294
-1299 -7818
-8736 3204
-2447 6547
-5647 2755
675 9300
-3518 6594
-3192 -3560
7212 -3933
-834 1405
2605 7167
3646 1960
-6247 -2403
-8173 3131
-7343 -1690
-5982 -6388
-6669 -569
4136 -169
5475 -5307
-136 -1628
4768 6690
-4427 1807
-282 -7469
4673 -8070
-3875 -4947
661 -6958
-6457 -6700
-4585 6464
3901 5559
-2651 -3879
4209 -153
6251 -340
-1989 6117
-7394 8184
-4072 -1688
4094 5063
-512 5391
2309 -261
126 5073
-5902 -420
8957 -6538
3940 -2869
-7865 1028
5051 3428
8750 492
2024 -2041
2631 -417
709 2492
-802 -3494
-6381 1446
-9644 4388
7509 -661
6158 -3270
-1605 -3623
2708 -6204
3396 -5204
4267 1977
509 2668
-1616 -3365
3735 -6019
5400 264
1830 4669
1272 1389
4490 2234
-211 5402
-6324 3192
-3210 -1905
2613 741
1595 4424
-5482 2926
-6418 2152
-3468 -1917
-3799 5847
-1318 7422
5219 -9222
2001 -6229
-3410 -1105
2420 925
-1293 5169
-2192 -6213
1243 -9531
-7686 -3950
2049 3044
-139 4834
-17212 910
-818 7981
3502 4850
-4367 -936
1837 -960
-2531 -2420
-3716 -1628
492 -6975
4329 5312
5805 9427
-627 -1776
1399 10983
-35 6852
-4761 -5121
1871 -3600
451 -3472
-2033 406
2812 -3469
318 5974
5646 5700
13970 -10095
3143 3676
316 3655
3504 -7899
-6950 -6639
-2194 -6212
4251 3212
-1303 2239
1960 -3001
-5468 -3593
-9851 -3903
5685 4951
6627 2167
1497 -3669
6347 -2353
6104 -1163
1536 4445
-1569 2217
1303 -3498
6926 -1485
3556 4073
-2094 4557
2583 3937
7544 -2900
1682 4963
8157 7044
54 -7833
1868 -5554
-283 3550
-7507 -736
2373 -4218
2139 -1319
3924 3698
6959 4517
5490 5600
1616 5010
-4871 -4073
2691 -4402
491 -1818
-108 -5158
6259 -1065
-3919 3514
-7563 2073
-8287 398
-5253 1219
-1184 -2217
74 -4839
6856 3145
-1543 3209
1183 -5739
3898 -6794
-10595 1978
-3953 3441
-5057 -6305
-7585 2517
983 5481
-7083 -9923
-5173 -4386
4453 -773
3339 -3337
-5586 1351
-7054 -1247
7727 5828
9198 7807
4717 -3045
1338 1299
-6841 2935
1762 -1683
7181 2989
1 1378
1164 -1481
-1339 325
-4602 -6270
1219 -2110
-1234 7341
-1579 -993
1843 -5303
-9761 -7091
-7490 -6130
2880 6559
9 5747
2452 -4033
-302 -4510
5485 3989
11317 4535
-5558 341
-652 7965
7322 3422
-2408 4655
584 10762
5679 -5395
5296 -2507
-2753 2258
-4677 -5918
4684 -1217
2434 626
58 5392
1573 8146
-225 7839
-2488 4639
-445 -6333
5037 -1115
-907 -1651
2460 -1296
-4307 -3247
-979 2937
4440 5929
-9522 -4664
-7593 592
-6201 9983
2681 907
12094 1834
-5352 4726
-5879 -1618
2698 878
-2083 4036
-3323 -1456
1191 -7847
7195 -2238
5432 5786
-1911 3084
-4005 -2142
1724 -2254
-3923 4667
-7088 -856
8919 -8371
1693 -2268
-10770 -4704
-6589 3820
-5196 9243
293 -7402
-2472 -1863
-1705 5118
2761 -328
-1496 3937
2993 5675
1768 7076
1706 621
572 -4644
-5268 834
608 -4657
-6019 -1531
-5880 1884
3696 -9807
338 -2130
8358 7382
10574 1443
1373 326
1781 -2637
4001 -5897
3748 378
2743 6577
1218 2940
1410 -46
10649 698
9664 -5564
-94 2154
1663 10347
-5385 -3020
-6204 298
-334 4685
-4996 -1869
-367 4665
1796 -268
3145 -6581
4066 -4963
-680 -4157
2640 873
-649 -5355
-2794 1332
-1191 7311
-3246 -10094
-5694 -5059
-11492 2458
1206 2560
7068 9984
-7116 -576
-2912 -5357
1239 2552
-4352 1299
-1257 -3404
6479 -4585
1361 -2476
4731 -1743
6140 2739
2913 -61
-1811 2548
1312 1404
12377 -755
-5824 -1019
-6495 -1909
10269 1714
88 2378
2182 -3888
3575 1390
-5017 12023
-63 7354
1342 1261
0 0
1462 1120
7246 -1258
11047 -6905
1953 3301
-3482 2785
2361 -300
3361 9854
-2940 -6098
-1953 -5581
1268 12335
1599 1066
2220 -2201
413 2884
3701 5613
-951 4952
-9099 -2433
2435 -5031
6532 -12108
-5560 -5102
-10013 806
-5344 -5929
689 471
3878 -4424
4373 -4082
2552 1887
-1431 -4579
-5888 4940
-3797 4040
-1593 -3554
-3036 3982
1923 2097
0 0
531 2796
5007 -53
-1897 -3402
5508 -628
7480 -1766
-2815 -3885
-13 3174
-5887 1065
-5865 463
-34 834
-1557 -7829
6633 -7544
-765 -7507
-13610 -2004
-5489 -1057
3490 -8748
4538 2199
2286 6322
2065 2056
-3092 463
-101 1919
9129 8391
-3306 -4902
-3130 -6002
5889 8586
-1652 1713
4314 -1126
1479 3539
-12140 4726
-5341 5056
23 1842
-999 -881
4814 8605
2063 -2059
-6637 -5611
-5196 7875
-816 4250
1701 -1307
4513 -4842
2223 -2905
1314 -2316
4406 1045
-786 -13
-2067 -12075
6171 622
-371 5843
-13264 1034
-1298 9329
12478 4615
-1238 5722
-6107 -1086
5284 -11053
760 202
-4524 -198
-632 -2586
-1346 -3402
-3020 -5889
-1279 -1722
-375 4311
2849 8994
7917 -3587
-1422 -2544
-6980 6964
2403 -1149
-1828 2117
-4198 -1665
1848 -1155
-1522 6525
-2917 -7149
-4660 -5978
-5242 -5785
-1780 -10027
-849 6156
1184 5244
-4246 -2320
-9956 308
-4629 -4683
-2365 -5716
-3461 -824
-969 1615
2356 2666
6156 -604
6311 1880
4414 8930
4045 2655
-5184 1424
-5032 3647
9684 -3150
7571 1902
7468 1298
7681 -791
-5040 4415
149 -2175
3445 2921
-1008 2610
-117 -2661
-2859 9436
2914 58
-562 -8673
-9276 1720
-3627 2360
2121 318
6618 -108
3635 -414
2579 -660
2304 3899
-536 -575
7264 -9865
3833 4876
-4466 3785
-9945 -8837
-3810 2768
0 0
0 0
0 0
0 0
0 0
0 0
0 0
0 0
0 0
0 0
0 0
0 0
0 0
0 0
0 0
0 0
0 0
0 0
0 0
0 0
0 0
0 0
0 0
0 0
0 0
0 0
0 0
0 0
0 0
0 0
0 0
0 0
0 0
0 0
0 0
0 0
0 0
0 0
0 0
0 0
0 0
0 0
0 0
0 0
0 0
0 0
0 0
0 0
0 0
0 0
0 0
0 0
0 0
0 0
0 0
0 0
0 0
0 0
0 0
0 0
0 0
0 0
0 0
0 0
0 0
0 0
0 0
0 0
0 0
0 0
0 0
0 0
0 0
0 0
0 0
0 0
0 0
0 0
0 0
0 0
0 0
0 0
0 0
0 0
0 0
0 0
0 0
0 0
0 0
0 0
0 0
0 0
0 0
0 0
0 0
0 0
0 0
0 0
0 0
0 0
