-1962
3247
-3368
2187
-0
-2495
4371
-4763
3224
-0
-3904
6970
-7694
5248
-0
-6380
11362
-12487
8469
-0
-10147
17927
-19542
13144
-0
-15497
27167
-29395
19632
-0
-22849
39823
-42859
28486
-0
-32882
57122
-61310
40663
-0
-46831
81349
-87374
58040
-0
-67251
117371
-126829
84888
-0
-100414
177684
-195243
133360
-0
-166707
306360
-353074
256433
-0
-388954
842389
-1267094
1568821
6711743
1568821
-1267094
842389
-388954
-0
256433
-353074
306360
-166707
-0
133360
-195243
177684
-100414
-0
84888
-126829
117371
-67251
-0
58040
-87374
81349
-46831
-0
40663
-61310
57122
-32882
-0
28486
-42859
39823
-22849
-0
19632
-29395
27167
-15497
-0
13144
-19542
17927
-10147
-0
8469
-12487
11362
-6380
-0
5248
-7694
6970
-3904
-0
3224
-4763
4371
-2495
-0
2187
-3368
3247
-1962
