-2380
-2435
2527
2656
-2825
-3036
3289
3588
-3934
-4328
4773
5270
-5822
-6431
7099
7828
-8620
-9479
10407
11407
-12482
-13634
14868
16187
-17596
-19099
20700
22406
-24221
-26153
28209
30397
-32727
-35208
37854
40676
-43692
-46918
50376
54090
-58088
-62404
67078
72158
-77701
-83777
90474
97899
-106189
-115516
126106
138257
-152371
-169002
188940
213346
-244003
-283786
337670
415047
-536047
-753008
1257845
3777787
3777787
1257845
-753008
-536047
415047
337670
-283786
-244003
213346
188940
-169002
-152371
138257
126106
-115516
-106189
97899
90474
-83777
-77701
72158
67078
-62404
-58088
54090
50376
-46918
-43692
40676
37854
-35208
-32727
30397
28209
-26153
-24221
22406
20700
-19099
-17596
16187
14868
-13634
-12482
11407
10407
-9479
-8620
7828
7099
-6431
-5822
5270
4773
-4328
-3934
3588
3289
-3036
-2825
2656
2527
-2435
-2380
